64,4
64,3
64,2
64,1
64,0
0,457
0,456
0,455
0,454
0,453
0,452
0,451
0,450
0,449
0,448
0,447
0,446
0,445
0,444
0,443
0,442
0,441
0,440
0,439
0,438
0,437
63,4
63,3
63,2
0,436
63,1
63,0
0,435
0,434
62,3
62,2
0,433
62,1
62,0
0,432
0,431
61,3
61,2
0,430
61,1
61,0
0,429
0,428
0,427
0,426
0,425
0,424
0,423
0,422
0,421
0,420
0,419
60,3
60,2
0,418
60,1
60,0
0,417
0,416
0,415
0,414
0,413
0,412
0,411
59,5
59,4
59,3
59,2
59,1
59,0
0,410
0,409
58,5
58,4
58,3
58,2
58,1
58,0
57,5
57,4
57,3
57,2
57,1
57,0
56,3
56,2
56,1
56,0
55,52
55,51
55,50
55,49
55,48
55,47
55,46
55,45
55,44
55,43
